30
0.00 1.00
0.03 0.90
0.07 0.81
0.10 0.72
0.14 0.64
0.17 0.57
0.21 0.51
0.24 0.45
0.28 0.40
0.31 0.36
0.34 0.32
0.38 0.29
0.41 0.27
0.45 0.26
0.48 0.25
0.52 0.25
0.55 0.26
0.59 0.27
0.62 0.29
0.66 0.32
0.69 0.36
0.72 0.40
0.76 0.45
0.79 0.51
0.83 0.57
0.86 0.64
0.90 0.72
0.93 0.81
0.97 0.90
1.00 1.00
30
0.00 0.00
0.03 0.00
0.07 0.00
0.10 0.00
0.14 0.00
0.17 0.00
0.21 0.00
0.24 0.00
0.28 0.00
0.31 0.00
0.34 0.00
0.38 0.00
0.41 0.00
0.45 0.00
0.48 0.00
0.52 0.00
0.55 0.00
0.59 0.00
0.62 0.00
0.66 0.00
0.69 0.00
0.72 0.00
0.76 0.00
0.79 0.00
0.83 0.00
0.86 0.00
0.90 0.00
0.93 0.00
0.97 0.00
1.00 0.00
30
0.00 0.00
0.00 0.03
0.00 0.07
0.00 0.10
0.00 0.14
0.00 0.17
0.00 0.21
0.00 0.24
0.00 0.28
0.00 0.31
0.00 0.34
0.00 0.38
0.00 0.41
0.00 0.45
0.00 0.48
0.00 0.52
0.00 0.55
0.00 0.59
0.00 0.62
0.00 0.66
0.00 0.69
0.00 0.72
0.00 0.76
0.00 0.79
0.00 0.83
0.00 0.86
0.00 0.90
0.00 0.93
0.00 0.97
0.00 1.00
30
1.00 0.00
1.07 0.03
1.13 0.07
1.19 0.10
1.24 0.14
1.29 0.17
1.33 0.21
1.37 0.24
1.40 0.28
1.43 0.31
1.45 0.34
1.47 0.38
1.49 0.41
1.49 0.45
1.50 0.48
1.50 0.52
1.49 0.55
1.49 0.59
1.47 0.62
1.45 0.66
1.43 0.69
1.40 0.72
1.37 0.76
1.33 0.79
1.29 0.83
1.24 0.86
1.19 0.90
1.13 0.93
1.07 0.97
1.00 1.00
